6.818571090698242188e+00 6.000000000000000000e+02 2.024967456236481667e-03
1.285651469230651855e+01 1.200000000000000000e+03 1.659418921917676926e-03
1.886449122428894043e+01 1.800000000000000000e+03 1.266422448679804802e-03
2.487049150466918945e+01 2.400000000000000000e+03 1.042871153913438320e-03
3.086849093437194824e+01 3.000000000000000000e+03 1.008130609989166260e-03
3.690419554710388184e+01 3.600000000000000000e+03 8.589543867856264114e-04
4.291821146011352539e+01 4.200000000000000000e+03 8.071667398326098919e-04
4.895120811462402344e+01 4.800000000000000000e+03 7.828740635886788368e-04
5.497520756721496582e+01 5.400000000000000000e+03 7.786854403093457222e-04
6.099124646186828613e+01 6.000000000000000000e+03 7.759444415569305420e-04
