9.043998956680297852e+00 6.000000000000000000e+02 1.976410625502467155e-03
1.450199794769287109e+01 1.200000000000000000e+03 1.362212584353983402e-03
1.995499849319458008e+01 1.800000000000000000e+03 9.191792341880500317e-04
2.537999820709228516e+01 2.400000000000000000e+03 7.064525270834565163e-04
3.072399926185607910e+01 3.000000000000000000e+03 5.052457563579082489e-04
3.601399803161621094e+01 3.600000000000000000e+03 2.648848167154937983e-04
4.126999783515930176e+01 4.200000000000000000e+03 1.944981922861188650e-04
4.666899728775024414e+01 4.800000000000000000e+03 1.465513196308165789e-04
5.211099743843078613e+01 5.400000000000000000e+03 1.138651714427396655e-04
5.750199866294860840e+01 6.000000000000000000e+03 9.807023889152333140e-05
