2.591355299949645996e+01 1.000000000000000000e+00 9.645528625696897507e-04
5.073034739494323730e+01 2.000000000000000000e+00 6.436007679440081120e-04
7.515262293815612793e+01 3.000000000000000000e+00 1.077391440048813820e-03
9.859654641151428223e+01 4.000000000000000000e+00 5.941087147220969200e-04
1.000315473079681396e+02 5.000000000000000000e+00 5.903269047848880291e-04
1.002595489025115967e+02 6.000000000000000000e+00 5.903269047848880291e-04
1.004905478954315186e+02 7.000000000000000000e+00 5.903269047848880291e-04
1.006575467586517334e+02 8.000000000000000000e+00 5.903269047848880291e-04
1.007815768718719482e+02 9.000000000000000000e+00 5.903269047848880291e-04
1.010615477561950684e+02 1.000000000000000000e+01 5.901954136788845062e-04
